1000
sphere
-250 5.2475 19.2993
5
0.5 0.5 0
sphere
-245 19.0751 6.01185
5
0.5 0.5 1
sphere
-240 15.3651 -12.8029
5
0.5 0.5 0
sphere
-235 -2.47146 -19.8467
5
0.5 0.5 1
sphere
-230 -18.0358 -8.64356
5
0.5 0.5 0
sphere
-225 -17.0181 10.5064
5
0.5 0.5 1
sphere
-220 -0.354039 19.9969
5
0.5 0.5 0
sphere
-215 16.6355 11.1023
5
0.5 0.5 1
sphere
-210 18.3304 -7.99971
5
0.5 0.5 0
sphere
-205 3.17245 -19.7468
5
0.5 0.5 1
sphere
-200 -14.9023 -13.3388
5
0.5 0.5 0
sphere
-195 -19.2759 5.33286
5
0.5 0.5 1
sphere
-190 -5.92737 19.1015
5
0.5 0.5 0
sphere
-185 12.8708 15.3083
5
0.5 0.5 1
sphere
-180 19.8356 -2.55927
5
0.5 0.5 0
sphere
-175 8.56365 -18.0738
5
0.5 0.5 1
sphere
-170 -10.5817 -16.9714
5
0.5 0.5 0
sphere
-165 -19.9982 -0.265535
5
0.5 0.5 1
sphere
-160 -11.0285 16.6845
5
0.5 0.5 0
sphere
-155 8.08075 18.2948
5
0.5 0.5 1
sphere
-150 19.7606 3.08503
5
0.5 0.5 0
sphere
-145 13.2727 -14.9612
5
0.5 0.5 1
sphere
-140 -5.41812 -19.2521
5
0.5 0.5 0
sphere
-135 -19.1275 -5.84278
5
0.5 0.5 1
sphere
-130 -15.2512 12.9384
5
0.5 0.5 0
sphere
-125 2.64703 19.8241
5
0.5 0.5 1
sphere
-120 18.1116 8.48358
5
0.5 0.5 0
sphere
-115 16.9244 -10.6567
5
0.5 0.5 1
sphere
-110 0.177026 -19.9992
5
0.5 0.5 0
sphere
-105 -16.7331 -10.9546
5
0.5 0.5 1
sphere
-100 -18.2589 8.16164
5
0.5 0.5 0
sphere
-95 -2.99754 19.7741
5
0.5 0.5 1
sphere
-90 15.0197 13.2063
5
0.5 0.5 0
sphere
-85 19.2279 -5.50327
5
0.5 0.5 1
sphere
-80 5.75807 -19.1532
5
0.5 0.5 0
sphere
-75 -13.0058 -15.1938
5
0.5 0.5 1
sphere
-70 -19.8121 2.73474
5
0.5 0.5 0
sphere
-65 -8.40334 18.1489
5
0.5 0.5 1
sphere
-60 10.7315 16.8771
5
0.5 0.5 0
sphere
-55 19.9998 0.088514
5
0.5 0.5 1
sphere
-50 10.8804 -16.7814
5
0.5 0.5 0
sphere
-45 -8.24237 -18.2226
5
0.5 0.5 1
sphere
-40 -19.7872 -2.91
5
0.5 0.5 0
sphere
-35 -13.1397 15.078
5
0.5 0.5 1
sphere
-30 5.58831 19.2034
5
0.5 0.5 0
sphere
-25 19.1785 5.67324
5
0.5 0.5 1
sphere
-20 15.1361 -13.0729
5
0.5 0.5 0
sphere
-15 -2.8224 -19.7999
5
0.5 0.5 1
sphere
-10 -18.1859 -8.32294
5
0.5 0.5 0
sphere
-5 -16.8294 10.806
5
0.5 0.5 1
sphere
0 0 20
5
0.5 0.5 0
sphere
5 16.8294 10.806
5
0.5 0.5 1
sphere
10 18.1859 -8.32294
5
0.5 0.5 0
sphere
15 2.8224 -19.7999
5
0.5 0.5 1
sphere
20 -15.1361 -13.0729
5
0.5 0.5 0
sphere
25 -19.1785 5.67324
5
0.5 0.5 1
sphere
30 -5.58831 19.2034
5
0.5 0.5 0
sphere
35 13.1397 15.078
5
0.5 0.5 1
sphere
40 19.7872 -2.91
5
0.5 0.5 0
sphere
45 8.24237 -18.2226
5
0.5 0.5 1
sphere
50 -10.8804 -16.7814
5
0.5 0.5 0
sphere
55 -19.9998 0.088514
5
0.5 0.5 1
sphere
60 -10.7315 16.8771
5
0.5 0.5 0
sphere
65 8.40334 18.1489
5
0.5 0.5 1
sphere
70 19.8121 2.73474
5
0.5 0.5 0
sphere
75 13.0058 -15.1938
5
0.5 0.5 1
sphere
80 -5.75807 -19.1532
5
0.5 0.5 0
sphere
85 -19.2279 -5.50327
5
0.5 0.5 1
sphere
90 -15.0197 13.2063
5
0.5 0.5 0
sphere
95 2.99754 19.7741
5
0.5 0.5 1
sphere
100 18.2589 8.16164
5
0.5 0.5 0
sphere
105 16.7331 -10.9546
5
0.5 0.5 1
sphere
110 -0.177026 -19.9992
5
0.5 0.5 0
sphere
115 -16.9244 -10.6567
5
0.5 0.5 1
sphere
120 -18.1116 8.48358
5
0.5 0.5 0
sphere
125 -2.64703 19.8241
5
0.5 0.5 1
sphere
130 15.2512 12.9384
5
0.5 0.5 0
sphere
135 19.1275 -5.84278
5
0.5 0.5 1
sphere
140 5.41812 -19.2521
5
0.5 0.5 0
sphere
145 -13.2727 -14.9612
5
0.5 0.5 1
sphere
150 -19.7606 3.08503
5
0.5 0.5 0
sphere
155 -8.08075 18.2948
5
0.5 0.5 1
sphere
160 11.0285 16.6845
5
0.5 0.5 0
sphere
165 19.9982 -0.265535
5
0.5 0.5 1
sphere
170 10.5817 -16.9714
5
0.5 0.5 0
sphere
175 -8.56365 -18.0738
5
0.5 0.5 1
sphere
180 -19.8356 -2.55927
5
0.5 0.5 0
sphere
185 -12.8708 15.3083
5
0.5 0.5 1
sphere
190 5.92737 19.1015
5
0.5 0.5 0
sphere
195 19.2759 5.33286
5
0.5 0.5 1
sphere
200 14.9023 -13.3388
5
0.5 0.5 0
sphere
205 -3.17245 -19.7468
5
0.5 0.5 1
sphere
210 -18.3304 -7.99971
5
0.5 0.5 0
sphere
215 -16.6355 11.1023
5
0.5 0.5 1
sphere
220 0.354039 19.9969
5
0.5 0.5 0
sphere
225 17.0181 10.5064
5
0.5 0.5 1
sphere
230 18.0358 -8.64356
5
0.5 0.5 0
sphere
235 2.47146 -19.8467
5
0.5 0.5 1
sphere
240 -15.3651 -12.8029
5
0.5 0.5 0
sphere
245 -19.0751 6.01185
5
0.5 0.5 1
sphere
-250 20.2546 34.4928
5
0.5 0.5 0
sphere
-245 22.9353 -32.7715
5
0.5 0.5 1
sphere
-240 -39.3435 -7.21722
5
0.5 0.5 0
sphere
-235 9.81008 38.7784
5
0.5 0.5 1
sphere
-230 31.1786 -25.0578
5
0.5 0.5 0
sphere
-225 -35.7599 -17.9229
5
0.5 0.5 1
sphere
-220 -1.41593 39.9749
5
0.5 0.5 0
sphere
-215 36.9383 -15.3479
5
0.5 0.5 1
sphere
-210 -29.3276 -27.2009
5
0.5 0.5 0
sphere
-205 -12.5292 37.9871
5
0.5 0.5 1
sphere
-200 39.7555 -4.41549
5
0.5 0.5 0
sphere
-195 -20.5591 -34.3121
5
0.5 0.5 1
sphere
-190 -22.6443 32.9733
5
0.5 0.5 0
sphere
-185 39.4058 6.86869
5
0.5 0.5 1
sphere
-180 -10.1529 -38.69
5
0.5 0.5 0
sphere
-175 -30.9556 25.3328
5
0.5 0.5 1
sphere
-170 35.9171 17.6057
5
0.5 0.5 0
sphere
-165 1.06205 -39.9859
5
0.5 0.5 1
sphere
-160 -36.801 15.6743
5
0.5 0.5 0
sphere
-155 29.5672 26.9403
5
0.5 0.5 1
sphere
-150 12.1924 -38.0965
5
0.5 0.5 0
sphere
-145 -39.7149 4.76721
5
0.5 0.5 1
sphere
-140 20.862 34.1288
5
0.5 0.5 0
sphere
-135 22.3516 -33.1724
5
0.5 0.5 1
sphere
-130 -39.4651 -6.51963
5
0.5 0.5 0
sphere
-125 10.495 38.5986
5
0.5 0.5 1
sphere
-120 30.7302 -25.6058
5
0.5 0.5 0
sphere
-115 -36.0715 -17.2871
5
0.5 0.5 1
sphere
-110 -0.708077 39.9937
5
0.5 0.5 0
sphere
-105 36.6609 -15.9994
5
0.5 0.5 1
sphere
-100 -29.8045 -26.6775
5
0.5 0.5 0
sphere
-95 -11.8547 38.2029
5
0.5 0.5 1
sphere
-90 39.6712 -5.11855
5
0.5 0.5 0
sphere
-85 -21.1633 -33.9428
5
0.5 0.5 1
sphere
-80 -22.0571 33.3689
5
0.5 0.5 0
sphere
-75 39.5213 6.17006
5
0.5 0.5 1
sphere
-70 -10.8362 -38.5042
5
0.5 0.5 0
sphere
-65 -30.5023 25.8768
5
0.5 0.5 1
sphere
-60 36.2231 16.9672
5
0.5 0.5 0
sphere
-55 0.354052 -39.9984
5
0.5 0.5 1
sphere
-50 -36.5178 16.3233
5
0.5 0.5 0
sphere
-45 30.0395 26.4127
5
0.5 0.5 1
sphere
-40 11.5161 -38.3064
5
0.5 0.5 0
sphere
-35 -39.6243 5.46949
5
0.5 0.5 1
sphere
-30 21.4629 33.7542
5
0.5 0.5 0
sphere
-25 21.7608 -33.5629
5
0.5 0.5 1
sphere
-20 -39.5743 -5.82
5
0.5 0.5 0
sphere
-15 11.1766 38.4068
5
0.5 0.5 1
sphere
-10 30.2721 -26.1457
5
0.5 0.5 0
sphere
-5 -36.3719 -16.6459
5
0.5 0.5 1
sphere
0 0 40
5
0.5 0.5 0
sphere
5 36.3719 -16.6459
5
0.5 0.5 1
sphere
10 -30.2721 -26.1457
5
0.5 0.5 0
sphere
15 -11.1766 38.4068
5
0.5 0.5 1
sphere
20 39.5743 -5.82
5
0.5 0.5 0
sphere
25 -21.7608 -33.5629
5
0.5 0.5 1
sphere
30 -21.4629 33.7542
5
0.5 0.5 0
sphere
35 39.6243 5.46949
5
0.5 0.5 1
sphere
40 -11.5161 -38.3064
5
0.5 0.5 0
sphere
45 -30.0395 26.4127
5
0.5 0.5 1
sphere
50 36.5178 16.3233
5
0.5 0.5 0
sphere
55 -0.354052 -39.9984
5
0.5 0.5 1
sphere
60 -36.2231 16.9672
5
0.5 0.5 0
sphere
65 30.5023 25.8768
5
0.5 0.5 1
sphere
70 10.8362 -38.5042
5
0.5 0.5 0
sphere
75 -39.5213 6.17006
5
0.5 0.5 1
sphere
80 22.0571 33.3689
5
0.5 0.5 0
sphere
85 21.1633 -33.9428
5
0.5 0.5 1
sphere
90 -39.6712 -5.11855
5
0.5 0.5 0
sphere
95 11.8547 38.2029
5
0.5 0.5 1
sphere
100 29.8045 -26.6775
5
0.5 0.5 0
sphere
105 -36.6609 -15.9994
5
0.5 0.5 1
sphere
110 0.708077 39.9937
5
0.5 0.5 0
sphere
115 36.0715 -17.2871
5
0.5 0.5 1
sphere
120 -30.7302 -25.6058
5
0.5 0.5 0
sphere
125 -10.495 38.5986
5
0.5 0.5 1
sphere
130 39.4651 -6.51963
5
0.5 0.5 0
sphere
135 -22.3516 -33.1724
5
0.5 0.5 1
sphere
140 -20.862 34.1288
5
0.5 0.5 0
sphere
145 39.7149 4.76721
5
0.5 0.5 1
sphere
150 -12.1924 -38.0965
5
0.5 0.5 0
sphere
155 -29.5672 26.9403
5
0.5 0.5 1
sphere
160 36.801 15.6743
5
0.5 0.5 0
sphere
165 -1.06205 -39.9859
5
0.5 0.5 1
sphere
170 -35.9171 17.6057
5
0.5 0.5 0
sphere
175 30.9556 25.3328
5
0.5 0.5 1
sphere
180 10.1529 -38.69
5
0.5 0.5 0
sphere
185 -39.4058 6.86869
5
0.5 0.5 1
sphere
190 22.6443 32.9733
5
0.5 0.5 0
sphere
195 20.5591 -34.3121
5
0.5 0.5 1
sphere
200 -39.7555 -4.41549
5
0.5 0.5 0
sphere
205 12.5292 37.9871
5
0.5 0.5 1
sphere
210 29.3276 -27.2009
5
0.5 0.5 0
sphere
215 -36.9383 -15.3479
5
0.5 0.5 1
sphere
220 1.41593 39.9749
5
0.5 0.5 0
sphere
225 35.7599 -17.9229
5
0.5 0.5 1
sphere
230 -31.1786 -25.0578
5
0.5 0.5 0
sphere
235 -9.81008 38.7784
5
0.5 0.5 1
sphere
240 39.3435 -7.21722
5
0.5 0.5 0
sphere
245 -22.9353 -32.7715
5
0.5 0.5 1
sphere
-250 42.8926 41.955
5
0.5 0.5 0
sphere
-245 -36.5426 -47.5882
5
0.5 0.5 1
sphere
-240 29.4613 52.2688
5
0.5 0.5 0
sphere
-235 -21.7903 -55.9033
5
0.5 0.5 1
sphere
-230 13.6831 58.4189
5
0.5 0.5 0
sphere
-225 -5.30212 -59.7653
5
0.5 0.5 1
sphere
-220 -3.18502 59.9154
5
0.5 0.5 0
sphere
-215 11.6084 -58.8663
5
0.5 0.5 1
sphere
-210 -19.7994 56.639
5
0.5 0.5 0
sphere
-205 27.5942 -53.2781
5
0.5 0.5 1
sphere
-200 -34.8367 48.8509
5
0.5 0.5 0
sphere
-195 41.3819 -43.4458
5
0.5 0.5 1
sphere
-190 -47.0988 37.1712
5
0.5 0.5 0
sphere
-185 51.8731 -30.1527
5
0.5 0.5 1
sphere
-180 -55.6091 22.5306
5
0.5 0.5 0
sphere
-175 58.2321 -14.4575
5
0.5 0.5 1
sphere
-170 -59.6896 6.09514
5
0.5 0.5 0
sphere
-165 59.9524 2.38925
5
0.5 0.5 1
sphere
-160 -59.0153 -10.8258
5
0.5 0.5 0
sphere
-155 56.8969 19.0457
5
0.5 0.5 1
sphere
-150 -53.6398 -26.8844
5
0.5 0.5 0
sphere
-145 49.3091 34.185
5
0.5 0.5 1
sphere
-140 -43.9914 -40.8014
5
0.5 0.5 0
sphere
-135 37.7933 46.6012
5
0.5 0.5 1
sphere
-130 -30.8387 -51.4682
5
0.5 0.5 0
sphere
-125 23.2669 55.3051
5
0.5 0.5 1
sphere
-120 -15.2294 -58.035
5
0.5 0.5 0
sphere
-115 6.88709 59.6034
5
0.5 0.5 1
sphere
-110 1.59307 -59.9788
5
0.5 0.5 0
sphere
-105 -10.0413 59.1538
5
0.5 0.5 1
sphere
-100 18.2886 -57.1448
5
0.5 0.5 0
sphere
-95 -26.1699 53.992
5
0.5 0.5 1
sphere
-90 33.5273 -49.7586
5
0.5 0.5 0
sphere
-85 -40.2137 44.5293
5
0.5 0.5 1
sphere
-80 46.0953 -38.4087
5
0.5 0.5 0
sphere
-75 -51.0542 31.5193
5
0.5 0.5 1
sphere
-70 54.9913 -23.9991
5
0.5 0.5 0
sphere
-65 -57.8277 15.9986
5
0.5 0.5 1
sphere
-60 59.5067 -7.67782
5
0.5 0.5 0
sphere
-55 -59.9947 -0.796605
5
0.5 0.5 1
sphere
-50 59.2819 9.25509
5
0.5 0.5 0
sphere
-45 -57.3826 -17.5283
5
0.5 0.5 1
sphere
-40 54.3347 25.4507
5
0.5 0.5 0
sphere
-35 -50.1993 -32.8638
5
0.5 0.5 1
sphere
-30 45.0592 39.619
5
0.5 0.5 0
sphere
-25 -39.0173 -45.5813
5
0.5 0.5 1
sphere
-20 32.1944 50.6312
5
0.5 0.5 0
sphere
-15 -24.7271 -54.6678
5
0.5 0.5 1
sphere
-10 16.7649 57.6102
5
0.5 0.5 0
sphere
-5 -8.4672 -59.3996
5
0.5 0.5 1
sphere
0 0 60
5
0.5 0.5 0
sphere
5 8.4672 -59.3996
5
0.5 0.5 1
sphere
10 -16.7649 57.6102
5
0.5 0.5 0
sphere
15 24.7271 -54.6678
5
0.5 0.5 1
sphere
20 -32.1944 50.6312
5
0.5 0.5 0
sphere
25 39.0173 -45.5813
5
0.5 0.5 1
sphere
30 -45.0592 39.619
5
0.5 0.5 0
sphere
35 50.1993 -32.8638
5
0.5 0.5 1
sphere
40 -54.3347 25.4507
5
0.5 0.5 0
sphere
45 57.3826 -17.5283
5
0.5 0.5 1
sphere
50 -59.2819 9.25509
5
0.5 0.5 0
sphere
55 59.9947 -0.796605
5
0.5 0.5 1
sphere
60 -59.5067 -7.67782
5
0.5 0.5 0
sphere
65 57.8277 15.9986
5
0.5 0.5 1
sphere
70 -54.9913 -23.9991
5
0.5 0.5 0
sphere
75 51.0542 31.5193
5
0.5 0.5 1
sphere
80 -46.0953 -38.4087
5
0.5 0.5 0
sphere
85 40.2137 44.5293
5
0.5 0.5 1
sphere
90 -33.5273 -49.7586
5
0.5 0.5 0
sphere
95 26.1699 53.992
5
0.5 0.5 1
sphere
100 -18.2886 -57.1448
5
0.5 0.5 0
sphere
105 10.0413 59.1538
5
0.5 0.5 1
sphere
110 -1.59307 -59.9788
5
0.5 0.5 0
sphere
115 -6.88709 59.6034
5
0.5 0.5 1
sphere
120 15.2294 -58.035
5
0.5 0.5 0
sphere
125 -23.2669 55.3051
5
0.5 0.5 1
sphere
130 30.8387 -51.4682
5
0.5 0.5 0
sphere
135 -37.7933 46.6012
5
0.5 0.5 1
sphere
140 43.9914 -40.8014
5
0.5 0.5 0
sphere
145 -49.3091 34.185
5
0.5 0.5 1
sphere
150 53.6398 -26.8844
5
0.5 0.5 0
sphere
155 -56.8969 19.0457
5
0.5 0.5 1
sphere
160 59.0153 -10.8258
5
0.5 0.5 0
sphere
165 -59.9524 2.38925
5
0.5 0.5 1
sphere
170 59.6896 6.09514
5
0.5 0.5 0
sphere
175 -58.2321 -14.4575
5
0.5 0.5 1
sphere
180 55.6091 22.5306
5
0.5 0.5 0
sphere
185 -51.8731 -30.1527
5
0.5 0.5 1
sphere
190 47.0988 37.1712
5
0.5 0.5 0
sphere
195 -41.3819 -43.4458
5
0.5 0.5 1
sphere
200 34.8367 48.8509
5
0.5 0.5 0
sphere
205 -27.5942 -53.2781
5
0.5 0.5 1
sphere
210 19.7994 56.639
5
0.5 0.5 0
sphere
215 -11.6084 -58.8663
5
0.5 0.5 1
sphere
220 3.18502 59.9154
5
0.5 0.5 0
sphere
225 5.30212 -59.7653
5
0.5 0.5 1
sphere
230 -13.6831 58.4189
5
0.5 0.5 0
sphere
235 21.7903 -55.9033
5
0.5 0.5 1
sphere
240 -29.4613 52.2688
5
0.5 0.5 0
sphere
245 36.5426 -47.5882
5
0.5 0.5 1
sphere
-250 69.8638 38.975
5
0.5 0.5 0
sphere
-245 -75.1624 27.3973
5
0.5 0.5 1
sphere
-240 28.3951 -74.7912
5
0.5 0.5 0
sphere
-235 38.0419 70.3762
5
0.5 0.5 1
sphere
-230 -78.1267 -17.2108
5
0.5 0.5 0
sphere
-225 64.0922 -47.8768
5
0.5 0.5 1
sphere
-220 -5.66018 79.7995
5
0.5 0.5 0
sphere
-215 -56.6927 -56.4441
5
0.5 0.5 1
sphere
-210 79.7739 -6.01089
5
0.5 0.5 0
sphere
-205 -47.5946 64.302
5
0.5 0.5 1
sphere
-200 -17.554 -78.0503
5
0.5 0.5 0
sphere
-195 70.5428 37.7322
5
0.5 0.5 1
sphere
-190 -74.6656 28.7235
5
0.5 0.5 0
sphere
-185 27.0667 -75.2821
5
0.5 0.5 1
sphere
-180 39.2817 69.6918
5
0.5 0.5 0
sphere
-175 -78.4192 -15.8251
5
0.5 0.5 1
sphere
-170 63.2347 -49.0039
5
0.5 0.5 0
sphere
-165 -4.24669 79.8872
5
0.5 0.5 1
sphere
-160 -57.683 -55.4317
5
0.5 0.5 0
sphere
-155 79.655 -7.4221
5
0.5 0.5 1
sphere
-150 -46.4489 65.1345
5
0.5 0.5 0
sphere
-145 -18.9329 -77.7274
5
0.5 0.5 1
sphere
-140 71.1996 36.4775
5
0.5 0.5 0
sphere
-135 -74.1455 30.0408
5
0.5 0.5 1
sphere
-130 25.7298 -75.7494
5
0.5 0.5 0
sphere
-125 40.5093 68.9855
5
0.5 0.5 1
sphere
-120 -78.687 -14.4344
5
0.5 0.5 0
sphere
-115 62.3573 -50.1156
5
0.5 0.5 1
sphere
-110 -2.83186 79.9499
5
0.5 0.5 0
sphere
-105 -58.6552 -54.4019
5
0.5 0.5 1
sphere
-100 79.5111 -8.83098
5
0.5 0.5 0
sphere
-95 -45.2886 65.9465
5
0.5 0.5 1
sphere
-90 -20.3059 -77.3801
5
0.5 0.5 0
sphere
-85 71.8342 35.2114
5
0.5 0.5 1
sphere
-80 -73.6021 31.3486
5
0.5 0.5 0
sphere
-75 24.3848 -76.193
5
0.5 0.5 1
sphere
-70 41.7241 68.2576
5
0.5 0.5 0
sphere
-65 -78.9302 -13.0393
5
0.5 0.5 1
sphere
-60 61.4604 -51.2115
5
0.5 0.5 0
sphere
-55 -1.41615 79.9875
5
0.5 0.5 1
sphere
-50 -59.6091 -53.355
5
0.5 0.5 0
sphere
-45 79.3423 -10.2371
5
0.5 0.5 1
sphere
-40 -44.1141 66.7379
5
0.5 0.5 0
sphere
-35 -21.6725 -77.0085
5
0.5 0.5 1
sphere
-30 72.4463 33.9343
5
0.5 0.5 0
sphere
-25 -73.0356 32.6466
5
0.5 0.5 1
sphere
-20 23.0323 -76.6128
5
0.5 0.5 0
sphere
-15 42.9258 67.5083
5
0.5 0.5 1
sphere
-10 -79.1487 -11.64
5
0.5 0.5 0
sphere
-5 60.5442 -52.2915
5
0.5 0.5 1
sphere
0 0 80
5
0.5 0.5 0
sphere
5 -60.5442 -52.2915
5
0.5 0.5 1
sphere
10 79.1487 -11.64
5
0.5 0.5 0
sphere
15 -42.9258 67.5083
5
0.5 0.5 1
sphere
20 -23.0323 -76.6128
5
0.5 0.5 0
sphere
25 73.0356 32.6466
5
0.5 0.5 1
sphere
30 -72.4463 33.9343
5
0.5 0.5 0
sphere
35 21.6725 -77.0085
5
0.5 0.5 1
sphere
40 44.1141 66.7379
5
0.5 0.5 0
sphere
45 -79.3423 -10.2371
5
0.5 0.5 1
sphere
50 59.6091 -53.355
5
0.5 0.5 0
sphere
55 1.41615 79.9875
5
0.5 0.5 1
sphere
60 -61.4604 -51.2115
5
0.5 0.5 0
sphere
65 78.9302 -13.0393
5
0.5 0.5 1
sphere
70 -41.7241 68.2576
5
0.5 0.5 0
sphere
75 -24.3848 -76.193
5
0.5 0.5 1
sphere
80 73.6021 31.3486
5
0.5 0.5 0
sphere
85 -71.8342 35.2114
5
0.5 0.5 1
sphere
90 20.3059 -77.3801
5
0.5 0.5 0
sphere
95 45.2886 65.9465
5
0.5 0.5 1
sphere
100 -79.5111 -8.83098
5
0.5 0.5 0
sphere
105 58.6552 -54.4019
5
0.5 0.5 1
sphere
110 2.83186 79.9499
5
0.5 0.5 0
sphere
115 -62.3573 -50.1156
5
0.5 0.5 1
sphere
120 78.687 -14.4344
5
0.5 0.5 0
sphere
125 -40.5093 68.9855
5
0.5 0.5 1
sphere
130 -25.7298 -75.7494
5
0.5 0.5 0
sphere
135 74.1455 30.0408
5
0.5 0.5 1
sphere
140 -71.1996 36.4775
5
0.5 0.5 0
sphere
145 18.9329 -77.7274
5
0.5 0.5 1
sphere
150 46.4489 65.1345
5
0.5 0.5 0
sphere
155 -79.655 -7.4221
5
0.5 0.5 1
sphere
160 57.683 -55.4317
5
0.5 0.5 0
sphere
165 4.24669 79.8872
5
0.5 0.5 1
sphere
170 -63.2347 -49.0039
5
0.5 0.5 0
sphere
175 78.4192 -15.8251
5
0.5 0.5 1
sphere
180 -39.2817 69.6918
5
0.5 0.5 0
sphere
185 -27.0667 -75.2821
5
0.5 0.5 1
sphere
190 74.6656 28.7235
5
0.5 0.5 0
sphere
195 -70.5428 37.7322
5
0.5 0.5 1
sphere
200 17.554 -78.0503
5
0.5 0.5 0
sphere
205 47.5946 64.302
5
0.5 0.5 1
sphere
210 -79.7739 -6.01089
5
0.5 0.5 0
sphere
215 56.6927 -56.4441
5
0.5 0.5 1
sphere
220 5.66018 79.7995
5
0.5 0.5 0
sphere
225 -64.0922 -47.8768
5
0.5 0.5 1
sphere
230 78.1267 -17.2108
5
0.5 0.5 0
sphere
235 -38.0419 70.3762
5
0.5 0.5 1
sphere
240 -28.3951 -74.7912
5
0.5 0.5 0
sphere
245 75.1624 27.3973
5
0.5 0.5 1
sphere
-250 97.0528 24.0988
5
0.5 0.5 0
sphere
-245 4.42126 99.9022
5
0.5 0.5 1
sphere
-240 -94.5445 32.5781
5
0.5 0.5 0
sphere
-235 -58.0587 -81.4198
5
0.5 0.5 1
sphere
-230 61.6064 -78.7696
5
0.5 0.5 0
sphere
-225 93.0095 36.7319
5
0.5 0.5 1
sphere
-220 -8.83987 99.6085
5
0.5 0.5 0
sphere
-215 -98.0246 19.7784
5
0.5 0.5 1
sphere
-210 -46.7719 -88.3877
5
0.5 0.5 0
sphere
-205 71.4898 -69.9229
5
0.5 0.5 1
sphere
-200 87.3297 48.7188
5
0.5 0.5 0
sphere
-195 -21.9455 97.5623
5
0.5 0.5 1
sphere
-190 -99.7799 6.63069
5
0.5 0.5 0
sphere
-185 -34.6621 -93.8005
5
0.5 0.5 1
sphere
-180 80.1153 -59.846
5
0.5 0.5 0
sphere
-175 80.1135 59.8484
5
0.5 0.5 1
sphere
-170 -34.6649 93.7995
5
0.5 0.5 0
sphere
-165 -99.7797 -6.63369
5
0.5 0.5 1
sphere
-160 -21.9425 -97.5629
5
0.5 0.5 0
sphere
-155 87.3312 -48.7161
5
0.5 0.5 1
sphere
-150 71.4876 69.9251
5
0.5 0.5 0
sphere
-145 -46.7745 88.3863
5
0.5 0.5 1
sphere
-140 -98.024 -19.7814
5
0.5 0.5 0
sphere
-135 -8.83687 -99.6088
5
0.5 0.5 1
sphere
-130 93.0106 -36.7291
5
0.5 0.5 0
sphere
-125 61.604 78.7715
5
0.5 0.5 1
sphere
-120 -58.0611 81.4181
5
0.5 0.5 0
sphere
-115 -94.5435 -32.581
5
0.5 0.5 1
sphere
-110 4.42427 -99.9021
5
0.5 0.5 0
sphere
-105 97.0535 -24.0959
5
0.5 0.5 1
sphere
-100 50.6366 86.2319
5
0.5 0.5 0
sphere
-95 -68.3262 73.0174
5
0.5 0.5 1
sphere
-90 -89.3997 -44.8074
5
0.5 0.5 0
sphere
-85 17.6076 -98.4377
5
0.5 0.5 1
sphere
-80 99.3889 -11.0387
5
0.5 0.5 0
sphere
-75 38.7782 92.1751
5
0.5 0.5 1
sphere
-70 -77.3891 63.3319
5
0.5 0.5 0
sphere
-65 -82.6829 -56.2454
5
0.5 0.5 1
sphere
-60 30.4811 -95.2413
5
0.5 0.5 0
sphere
-55 99.9755 2.21268
5
0.5 0.5 1
sphere
-50 26.2375 96.4966
5
0.5 0.5 0
sphere
-45 -85.0904 52.5322
5
0.5 0.5 1
sphere
-40 -74.5113 -66.6938
5
0.5 0.5 0
sphere
-35 42.8183 -90.3692
5
0.5 0.5 1
sphere
-30 98.8032 15.4251
5
0.5 0.5 0
sphere
-25 13.2352 99.1203
5
0.5 0.5 1
sphere
-20 -91.2945 40.8082
5
0.5 0.5 0
sphere
-15 -65.0288 -75.9688
5
0.5 0.5 1
sphere
-10 54.4021 -83.9072
5
0.5 0.5 0
sphere
-5 95.8924 28.3662
5
0.5 0.5 1
sphere
0 0 100
5
0.5 0.5 0
sphere
5 -95.8924 28.3662
5
0.5 0.5 1
sphere
10 -54.4021 -83.9072
5
0.5 0.5 0
sphere
15 65.0288 -75.9688
5
0.5 0.5 1
sphere
20 91.2945 40.8082
5
0.5 0.5 0
sphere
25 -13.2352 99.1203
5
0.5 0.5 1
sphere
30 -98.8032 15.4251
5
0.5 0.5 0
sphere
35 -42.8183 -90.3692
5
0.5 0.5 1
sphere
40 74.5113 -66.6938
5
0.5 0.5 0
sphere
45 85.0904 52.5322
5
0.5 0.5 1
sphere
50 -26.2375 96.4966
5
0.5 0.5 0
sphere
55 -99.9755 2.21268
5
0.5 0.5 1
sphere
60 -30.4811 -95.2413
5
0.5 0.5 0
sphere
65 82.6829 -56.2454
5
0.5 0.5 1
sphere
70 77.3891 63.3319
5
0.5 0.5 0
sphere
75 -38.7782 92.1751
5
0.5 0.5 1
sphere
80 -99.3889 -11.0387
5
0.5 0.5 0
sphere
85 -17.6076 -98.4377
5
0.5 0.5 1
sphere
90 89.3997 -44.8074
5
0.5 0.5 0
sphere
95 68.3262 73.0174
5
0.5 0.5 1
sphere
100 -50.6366 86.2319
5
0.5 0.5 0
sphere
105 -97.0535 -24.0959
5
0.5 0.5 1
sphere
110 -4.42427 -99.9021
5
0.5 0.5 0
sphere
115 94.5435 -32.581
5
0.5 0.5 1
sphere
120 58.0611 81.4181
5
0.5 0.5 0
sphere
125 -61.604 78.7715
5
0.5 0.5 1
sphere
130 -93.0106 -36.7291
5
0.5 0.5 0
sphere
135 8.83687 -99.6088
5
0.5 0.5 1
sphere
140 98.024 -19.7814
5
0.5 0.5 0
sphere
145 46.7745 88.3863
5
0.5 0.5 1
sphere
150 -71.4876 69.9251
5
0.5 0.5 0
sphere
155 -87.3312 -48.7161
5
0.5 0.5 1
sphere
160 21.9425 -97.5629
5
0.5 0.5 0
sphere
165 99.7797 -6.63369
5
0.5 0.5 1
sphere
170 34.6649 93.7995
5
0.5 0.5 0
sphere
175 -80.1135 59.8484
5
0.5 0.5 1
sphere
180 -80.1153 -59.846
5
0.5 0.5 0
sphere
185 34.6621 -93.8005
5
0.5 0.5 1
sphere
190 99.7799 6.63069
5
0.5 0.5 0
sphere
195 21.9455 97.5623
5
0.5 0.5 1
sphere
200 -87.3297 48.7188
5
0.5 0.5 0
sphere
205 -71.4898 -69.9229
5
0.5 0.5 1
sphere
210 46.7719 -88.3877
5
0.5 0.5 0
sphere
215 98.0246 19.7784
5
0.5 0.5 1
sphere
220 8.83987 99.6085
5
0.5 0.5 0
sphere
225 -93.0095 36.7319
5
0.5 0.5 1
sphere
230 -61.6064 -78.7696
5
0.5 0.5 0
sphere
235 58.0587 -81.4198
5
0.5 0.5 1
sphere
240 94.5445 32.5781
5
0.5 0.5 0
sphere
245 -4.42126 99.9022
5
0.5 0.5 1
sphere
-250 119.971 -2.65159
5
0.5 0.5 0
sphere
-245 115.933 30.9757
5
0.5 0.5 1
sphere
-240 102.661 62.1355
5
0.5 0.5 0
sphere
-235 81.21 88.3456
5
0.5 0.5 1
sphere
-230 53.2903 107.518
5
0.5 0.5 0
sphere
-225 21.1255 118.126
5
0.5 0.5 1
sphere
-220 -12.7221 119.324
5
0.5 0.5 0
sphere
-215 -45.5563 111.016
5
0.5 0.5 1
sphere
-210 -74.7615 93.8655
5
0.5 0.5 0
sphere
-205 -98.0112 69.2373
5
0.5 0.5 1
sphere
-200 -113.453 39.0938
5
0.5 0.5 0
sphere
-195 -119.858 5.83602
5
0.5 0.5 1
sphere
-190 -116.715 -27.8866
5
0.5 0.5 0
sphere
-185 -104.274 -59.3878
5
0.5 0.5 1
sphere
-180 -83.527 -86.1582
5
0.5 0.5 0
sphere
-175 -56.1262 -106.065
5
0.5 0.5 1
sphere
-170 -24.2544 -117.523
5
0.5 0.5 0
sphere
-165 9.54943 -119.619
5
0.5 0.5 1
sphere
-160 42.5926 -112.187
5
0.5 0.5 0
sphere
-155 72.2429 -95.8174
5
0.5 0.5 1
sphere
-150 96.1383 -71.8152
5
0.5 0.5 0
sphere
-145 112.375 -42.0923
5
0.5 0.5 1
sphere
-140 119.661 -9.01633
5
0.5 0.5 0
sphere
-135 117.414 24.7779
5
0.5 0.5 1
sphere
-130 105.814 56.5983
5
0.5 0.5 0
sphere
-125 85.7852 83.9101
5
0.5 0.5 1
sphere
-120 58.9226 104.538
5
0.5 0.5 0
sphere
-115 27.3663 116.838
5
0.5 0.5 1
sphere
-110 -6.37003 119.831
5
0.5 0.5 0
sphere
-105 -39.5989 113.278
5
0.5 0.5 1
sphere
-100 -69.6733 97.7017
5
0.5 0.5 0
sphere
-95 -94.1976 74.3425
5
0.5 0.5 1
sphere
-90 -111.218 45.0612
5
0.5 0.5 0
sphere
-85 -119.379 12.1903
5
0.5 0.5 1
sphere
-80 -118.031 -21.6517
5
0.5 0.5 0
sphere
-75 -107.28 -53.7688
5
0.5 0.5 1
sphere
-70 -87.9828 -81.6028
5
0.5 0.5 0
sphere
-65 -61.6774 -102.936
5
0.5 0.5 1
sphere
-60 -30.4588 -116.07
5
0.5 0.5 0
sphere
-55 3.18614 -119.958
5
0.5 0.5 1
sphere
-50 36.5773 -114.29
5
0.5 0.5 0
sphere
-45 67.0547 -99.5172
5
0.5 0.5 1
sphere
-40 92.1906 -76.8173
5
0.5 0.5 0
sphere
-35 109.983 -47.9982
5
0.5 0.5 1
sphere
-30 119.013 -15.3556
5
0.5 0.5 0
sphere
-25 118.564 18.5102
5
0.5 0.5 1
sphere
-20 108.669 50.9015
5
0.5 0.5 0
sphere
-15 90.1185 79.238
5
0.5 0.5 1
sphere
-10 64.3887 101.262
5
0.5 0.5 0
sphere
-5 33.5299 115.22
5
0.5 0.5 1
sphere
0 0 120
5
0.5 0.5 0
sphere
5 -33.5299 115.22
5
0.5 0.5 1
sphere
10 -64.3887 101.262
5
0.5 0.5 0
sphere
15 -90.1185 79.238
5
0.5 0.5 1
sphere
20 -108.669 50.9015
5
0.5 0.5 0
sphere
25 -118.564 18.5102
5
0.5 0.5 1
sphere
30 -119.013 -15.3556
5
0.5 0.5 0
sphere
35 -109.983 -47.9982
5
0.5 0.5 1
sphere
40 -92.1906 -76.8173
5
0.5 0.5 0
sphere
45 -67.0547 -99.5172
5
0.5 0.5 1
sphere
50 -36.5773 -114.29
5
0.5 0.5 0
sphere
55 -3.18614 -119.958
5
0.5 0.5 1
sphere
60 30.4588 -116.07
5
0.5 0.5 0
sphere
65 61.6774 -102.936
5
0.5 0.5 1
sphere
70 87.9828 -81.6028
5
0.5 0.5 0
sphere
75 107.28 -53.7688
5
0.5 0.5 1
sphere
80 118.031 -21.6517
5
0.5 0.5 0
sphere
85 119.379 12.1903
5
0.5 0.5 1
sphere
90 111.218 45.0612
5
0.5 0.5 0
sphere
95 94.1976 74.3425
5
0.5 0.5 1
sphere
100 69.6733 97.7017
5
0.5 0.5 0
sphere
105 39.5989 113.278
5
0.5 0.5 1
sphere
110 6.37003 119.831
5
0.5 0.5 0
sphere
115 -27.3663 116.838
5
0.5 0.5 1
sphere
120 -58.9226 104.538
5
0.5 0.5 0
sphere
125 -85.7852 83.9101
5
0.5 0.5 1
sphere
130 -105.814 56.5983
5
0.5 0.5 0
sphere
135 -117.414 24.7779
5
0.5 0.5 1
sphere
140 -119.661 -9.01633
5
0.5 0.5 0
sphere
145 -112.375 -42.0923
5
0.5 0.5 1
sphere
150 -96.1383 -71.8152
5
0.5 0.5 0
sphere
155 -72.2429 -95.8174
5
0.5 0.5 1
sphere
160 -42.5926 -112.187
5
0.5 0.5 0
sphere
165 -9.54943 -119.619
5
0.5 0.5 1
sphere
170 24.2544 -117.523
5
0.5 0.5 0
sphere
175 56.1262 -106.065
5
0.5 0.5 1
sphere
180 83.527 -86.1582
5
0.5 0.5 0
sphere
185 104.274 -59.3878
5
0.5 0.5 1
sphere
190 116.715 -27.8866
5
0.5 0.5 0
sphere
195 119.858 5.83602
5
0.5 0.5 1
sphere
200 113.453 39.0938
5
0.5 0.5 0
sphere
205 98.0112 69.2373
5
0.5 0.5 1
sphere
210 74.7615 93.8655
5
0.5 0.5 0
sphere
215 45.5563 111.016
5
0.5 0.5 1
sphere
220 12.7221 119.324
5
0.5 0.5 0
sphere
225 -21.1255 118.126
5
0.5 0.5 1
sphere
230 -53.2903 107.518
5
0.5 0.5 0
sphere
235 -81.21 88.3456
5
0.5 0.5 1
sphere
240 -102.661 62.1355
5
0.5 0.5 0
sphere
245 -115.933 30.9757
5
0.5 0.5 1
sphere
-250 134.251 -39.7087
5
0.5 0.5 0
sphere
-245 75.1238 -118.137
5
0.5 0.5 1
sphere
-240 -20.9786 -138.419
5
0.5 0.5 0
sphere
-235 -106.755 -90.5719
5
0.5 0.5 1
sphere
-230 -139.988 1.85452
5
0.5 0.5 0
sphere
-225 -104.319 93.3682
5
0.5 0.5 1
sphere
-220 -17.3044 138.926
5
0.5 0.5 0
sphere
-215 78.227 116.106
5
0.5 0.5 1
sphere
-210 135.255 36.1383
5
0.5 0.5 0
sphere
-205 125.712 -61.6162
5
0.5 0.5 1
sphere
-200 54.2933 -129.044
5
0.5 0.5 0
sphere
-195 -43.848 -132.956
5
0.5 0.5 1
sphere
-190 -120.408 -71.4284
5
0.5 0.5 0
sphere
-185 -137.703 25.2561
5
0.5 0.5 1
sphere
-180 -87.2217 109.51
5
0.5 0.5 0
sphere
-175 6.18976 139.863
5
0.5 0.5 1
sphere
-170 96.5547 101.377
5
0.5 0.5 0
sphere
-165 139.396 12.9929
5
0.5 0.5 1
sphere
-160 113.627 -81.7858
5
0.5 0.5 0
sphere
-155 31.9314 -136.31
5
0.5 0.5 1
sphere
-150 -65.4806 -123.743
5
0.5 0.5 0
sphere
-145 -130.663 -50.2701
5
0.5 0.5 1
sphere
-140 -131.534 47.9453
5
0.5 0.5 0
sphere
-135 -67.6645 122.562
5
0.5 0.5 1
sphere
-130 29.5093 136.855
5
0.5 0.5 0
sphere
-125 112.159 83.7878
5
0.5 0.5 1
sphere
-120 139.604 -10.5191
5
0.5 0.5 0
sphere
-115 98.3371 -99.6485
5
0.5 0.5 1
sphere
-110 8.66885 -139.731
5
0.5 0.5 0
sphere
-105 -85.2662 -111.039
5
0.5 0.5 1
sphere
-100 -137.234 -27.6939
5
0.5 0.5 0
sphere
-95 -121.655 69.2821
5
0.5 0.5 1
sphere
-90 -46.1987 132.158
5
0.5 0.5 0
sphere
-85 51.9966 129.986
5
0.5 0.5 1
sphere
-80 124.599 63.8357
5
0.5 0.5 0
sphere
-75 135.875 -33.7343
5
0.5 0.5 1
sphere
-70 80.2735 -114.7
5
0.5 0.5 0
sphere
-65 -14.8383 -139.211
5
0.5 0.5 1
sphere
-60 -102.647 -95.2033
5
0.5 0.5 0
sphere
-55 -139.933 -4.3365
5
0.5 0.5 1
sphere
-50 -108.345 88.6647
5
0.5 0.5 0
sphere
-45 -23.4298 138.026
5
0.5 0.5 1
sphere
-40 73.0171 119.451
5
0.5 0.5 0
sphere
-35 133.525 42.083
5
0.5 0.5 1
sphere
-30 128.313 -55.9979
5
0.5 0.5 0
sphere
-25 59.9456 -126.517
5
0.5 0.5 1
sphere
-20 -37.9268 -134.765
5
0.5 0.5 0
sphere
-15 -117.132 -76.6821
5
0.5 0.5 1
sphere
-10 -138.685 19.1432
5
0.5 0.5 0
sphere
-5 -91.9781 105.546
5
0.5 0.5 1
sphere
0 0 140
5
0.5 0.5 0
sphere
5 91.9781 105.546
5
0.5 0.5 1
sphere
10 138.685 19.1432
5
0.5 0.5 0
sphere
15 117.132 -76.6821
5
0.5 0.5 1
sphere
20 37.9268 -134.765
5
0.5 0.5 0
sphere
25 -59.9456 -126.517
5
0.5 0.5 1
sphere
30 -128.313 -55.9979
5
0.5 0.5 0
sphere
35 -133.525 42.083
5
0.5 0.5 1
sphere
40 -73.0171 119.451
5
0.5 0.5 0
sphere
45 23.4298 138.026
5
0.5 0.5 1
sphere
50 108.345 88.6647
5
0.5 0.5 0
sphere
55 139.933 -4.3365
5
0.5 0.5 1
sphere
60 102.647 -95.2033
5
0.5 0.5 0
sphere
65 14.8383 -139.211
5
0.5 0.5 1
sphere
70 -80.2735 -114.7
5
0.5 0.5 0
sphere
75 -135.875 -33.7343
5
0.5 0.5 1
sphere
80 -124.599 63.8357
5
0.5 0.5 0
sphere
85 -51.9966 129.986
5
0.5 0.5 1
sphere
90 46.1987 132.158
5
0.5 0.5 0
sphere
95 121.655 69.2821
5
0.5 0.5 1
sphere
100 137.234 -27.6939
5
0.5 0.5 0
sphere
105 85.2662 -111.039
5
0.5 0.5 1
sphere
110 -8.66885 -139.731
5
0.5 0.5 0
sphere
115 -98.3371 -99.6485
5
0.5 0.5 1
sphere
120 -139.604 -10.5191
5
0.5 0.5 0
sphere
125 -112.159 83.7878
5
0.5 0.5 1
sphere
130 -29.5093 136.855
5
0.5 0.5 0
sphere
135 67.6645 122.562
5
0.5 0.5 1
sphere
140 131.534 47.9453
5
0.5 0.5 0
sphere
145 130.663 -50.2701
5
0.5 0.5 1
sphere
150 65.4806 -123.743
5
0.5 0.5 0
sphere
155 -31.9314 -136.31
5
0.5 0.5 1
sphere
160 -113.627 -81.7858
5
0.5 0.5 0
sphere
165 -139.396 12.9929
5
0.5 0.5 1
sphere
170 -96.5547 101.377
5
0.5 0.5 0
sphere
175 -6.18976 139.863
5
0.5 0.5 1
sphere
180 87.2217 109.51
5
0.5 0.5 0
sphere
185 137.703 25.2561
5
0.5 0.5 1
sphere
190 120.408 -71.4284
5
0.5 0.5 0
sphere
195 43.848 -132.956
5
0.5 0.5 1
sphere
200 -54.2933 -129.044
5
0.5 0.5 0
sphere
205 -125.712 -61.6162
5
0.5 0.5 1
sphere
210 -135.255 36.1383
5
0.5 0.5 0
sphere
215 -78.227 116.106
5
0.5 0.5 1
sphere
220 17.3044 138.926
5
0.5 0.5 0
sphere
225 104.319 93.3682
5
0.5 0.5 1
sphere
230 139.988 1.85452
5
0.5 0.5 0
sphere
235 106.755 -90.5719
5
0.5 0.5 1
sphere
240 20.9786 -138.419
5
0.5 0.5 0
sphere
245 -75.1238 -118.137
5
0.5 0.5 1
sphere
-250 136.147 -84.0474
5
0.5 0.5 0
sphere
-245 -102.962 -122.469
5
0.5 0.5 1
sphere
-240 -106.185 119.686
5
0.5 0.5 0
sphere
-235 133.862 87.6407
5
0.5 0.5 1
sphere
-230 67.2311 -145.189
5
0.5 0.5 0
sphere
-225 -153.427 -45.3906
5
0.5 0.5 1
sphere
-220 -22.584 158.398
5
0.5 0.5 0
sphere
-215 159.998 -0.703289
5
0.5 0.5 1
sphere
-210 -23.9756 -158.193
5
0.5 0.5 0
sphere
-205 -153.022 46.7376
5
0.5 0.5 1
sphere
-200 68.5049 144.593
5
0.5 0.5 0
sphere
-195 133.087 -88.8141
5
0.5 0.5 1
sphere
-190 -107.233 -118.748
5
0.5 0.5 0
sphere
-185 -101.882 123.37
5
0.5 0.5 1
sphere
-180 136.881 82.8473
5
0.5 0.5 0
sphere
-175 62.0495 -147.478
5
0.5 0.5 1
sphere
-170 -154.937 -39.9311
5
0.5 0.5 0
sphere
-165 -16.9628 159.098
5
0.5 0.5 1
sphere
-160 159.873 -6.36652
5
0.5 0.5 0
sphere
-155 -29.5603 -157.246
5
0.5 0.5 1
sphere
-150 -151.271 52.125
5
0.5 0.5 0
sphere
-145 73.5803 142.077
5
0.5 0.5 1
sphere
-140 129.859 -93.4695
5
0.5 0.5 0
sphere
-135 -111.369 -114.878
5
0.5 0.5 1
sphere
-130 -97.4509 126.899
5
0.5 0.5 0
sphere
-125 139.728 77.95
5
0.5 0.5 1
sphere
-120 56.7901 -149.582
5
0.5 0.5 0
sphere
-115 -156.253 -34.4216
5
0.5 0.5 1
sphere
-110 -11.3204 159.599
5
0.5 0.5 0
sphere
-105 159.548 -12.0218
5
0.5 0.5 1
sphere
-100 -35.108 -156.101
5
0.5 0.5 0
sphere
-95 -149.331 57.4471
5
0.5 0.5 1
sphere
-90 78.5635 139.384
5
0.5 0.5 0
sphere
-85 126.469 -98.0077
5
0.5 0.5 1
sphere
-80 -115.366 -110.863
5
0.5 0.5 0
sphere
-75 -92.8978 130.269
5
0.5 0.5 1
sphere
-70 142.399 72.9551
5
0.5 0.5 0
sphere
-65 51.4596 -151.499
5
0.5 0.5 1
sphere
-60 -157.374 -28.8689
5
0.5 0.5 0
sphere
-55 -5.66373 159.9
5
0.5 0.5 1
sphere
-50 159.022 -17.662
5
0.5 0.5 0
sphere
-45 -40.6117 -154.76
5
0.5 0.5 1
sphere
-40 -147.204 62.6972
5
0.5 0.5 0
sphere
-35 83.4482 136.515
5
0.5 0.5 1
sphere
-30 122.921 -102.423
5
0.5 0.5 0
sphere
-25 -119.218 -106.71
5
0.5 0.5 1
sphere
-20 -88.2283 133.476
5
0.5 0.5 0
sphere
-15 144.893 67.8686
5
0.5 0.5 1
sphere
-10 46.0645 -153.226
5
0.5 0.5 0
sphere
-5 -158.297 -23.28
5
0.5 0.5 1
sphere
0 0 160
5
0.5 0.5 0
sphere
5 158.297 -23.28
5
0.5 0.5 1
sphere
10 -46.0645 -153.226
5
0.5 0.5 0
sphere
15 -144.893 67.8686
5
0.5 0.5 1
sphere
20 88.2283 133.476
5
0.5 0.5 0
sphere
25 119.218 -106.71
5
0.5 0.5 1
sphere
30 -122.921 -102.423
5
0.5 0.5 0
sphere
35 -83.4482 136.515
5
0.5 0.5 1
sphere
40 147.204 62.6972
5
0.5 0.5 0
sphere
45 40.6117 -154.76
5
0.5 0.5 1
sphere
50 -159.022 -17.662
5
0.5 0.5 0
sphere
55 5.66373 159.9
5
0.5 0.5 1
sphere
60 157.374 -28.8689
5
0.5 0.5 0
sphere
65 -51.4596 -151.499
5
0.5 0.5 1
sphere
70 -142.399 72.9551
5
0.5 0.5 0
sphere
75 92.8978 130.269
5
0.5 0.5 1
sphere
80 115.366 -110.863
5
0.5 0.5 0
sphere
85 -126.469 -98.0077
5
0.5 0.5 1
sphere
90 -78.5635 139.384
5
0.5 0.5 0
sphere
95 149.331 57.4471
5
0.5 0.5 1
sphere
100 35.108 -156.101
5
0.5 0.5 0
sphere
105 -159.548 -12.0218
5
0.5 0.5 1
sphere
110 11.3204 159.599
5
0.5 0.5 0
sphere
115 156.253 -34.4216
5
0.5 0.5 1
sphere
120 -56.7901 -149.582
5
0.5 0.5 0
sphere
125 -139.728 77.95
5
0.5 0.5 1
sphere
130 97.4509 126.899
5
0.5 0.5 0
sphere
135 111.369 -114.878
5
0.5 0.5 1
sphere
140 -129.859 -93.4695
5
0.5 0.5 0
sphere
145 -73.5803 142.077
5
0.5 0.5 1
sphere
150 151.271 52.125
5
0.5 0.5 0
sphere
155 29.5603 -157.246
5
0.5 0.5 1
sphere
160 -159.873 -6.36652
5
0.5 0.5 0
sphere
165 16.9628 159.098
5
0.5 0.5 1
sphere
170 154.937 -39.9311
5
0.5 0.5 0
sphere
175 -62.0495 -147.478
5
0.5 0.5 1
sphere
180 -136.881 82.8473
5
0.5 0.5 0
sphere
185 101.882 123.37
5
0.5 0.5 1
sphere
190 107.233 -118.748
5
0.5 0.5 0
sphere
195 -133.087 -88.8141
5
0.5 0.5 1
sphere
200 -68.5049 144.593
5
0.5 0.5 0
sphere
205 153.022 46.7376
5
0.5 0.5 1
sphere
210 23.9756 -158.193
5
0.5 0.5 0
sphere
215 -159.998 -0.703289
5
0.5 0.5 1
sphere
220 22.584 158.398
5
0.5 0.5 0
sphere
225 153.427 -45.3906
5
0.5 0.5 1
sphere
230 -67.2311 -145.189
5
0.5 0.5 0
sphere
235 -133.862 87.6407
5
0.5 0.5 1
sphere
240 106.185 119.686
5
0.5 0.5 0
sphere
245 102.962 -122.469
5
0.5 0.5 1
sphere
-250 122.991 -131.428
5
0.5 0.5 0
sphere
-245 -166.225 69.0607
5
0.5 0.5 1
sphere
-240 179.913 5.58093
5
0.5 0.5 0
sphere
-235 -161.625 -79.2306
5
0.5 0.5 1
sphere
-230 114.609 138.798
5
0.5 0.5 0
sphere
-225 -47.2222 -173.695
5
0.5 0.5 1
sphere
-220 -28.5574 177.72
5
0.5 0.5 0
sphere
-215 99.2613 -150.157
5
0.5 0.5 1
sphere
-210 -152.323 95.9053
5
0.5 0.5 0
sphere
-205 178.31 -24.6073
5
0.5 0.5 1
sphere
-200 -172.605 -51.0644
5
0.5 0.5 0
sphere
-195 136.221 117.66
5
0.5 0.5 1
sphere
-190 -75.6251 -163.343
5
0.5 0.5 0
sphere
-185 1.58781 179.993
5
0.5 0.5 1
sphere
-180 72.7317 -164.651
5
0.5 0.5 0
sphere
-175 -134.124 120.045
5
0.5 0.5 1
sphere
-170 171.677 -54.1015
5
0.5 0.5 0
sphere
-165 -178.716 -21.4578
5
0.5 0.5 1
sphere
-160 153.991 93.2032
5
0.5 0.5 0
sphere
-155 -101.895 -148.383
5
0.5 0.5 1
sphere
-150 31.6883 177.189
5
0.5 0.5 0
sphere
-145 44.1506 -174.501
5
0.5 0.5 1
sphere
-140 -112.142 140.798
5
0.5 0.5 0
sphere
-135 160.202 -82.0696
5
0.5 0.5 1
sphere
-130 -179.787 8.75403
5
0.5 0.5 0
sphere
-125 167.417 66.1175
5
0.5 0.5 1
sphere
-120 -125.291 -129.237
5
0.5 0.5 0
sphere
-115 60.8949 169.387
5
0.5 0.5 1
sphere
-110 14.3241 -179.429
5
0.5 0.5 0
sphere
-105 -86.9972 157.58
5
0.5 0.5 1
sphere
-100 144.207 -107.723
5
0.5 0.5 0
sphere
-95 -175.786 38.7189
5
0.5 0.5 1
sphere
-90 176.121 37.1668
5
0.5 0.5 0
sphere
-85 -145.152 -106.447
5
0.5 0.5 1
sphere
-80 88.3839 156.807
5
0.5 0.5 0
sphere
-75 -15.9064 -179.296
5
0.5 0.5 1
sphere
-70 -59.3983 169.917
5
0.5 0.5 0
sphere
-65 124.146 -130.337
5
0.5 0.5 1
sphere
-60 -166.827 67.5917
5
0.5 0.5 0
sphere
-55 179.857 7.16776
5
0.5 0.5 1
sphere
-50 -160.919 -80.6533
5
0.5 0.5 0
sphere
-45 113.38 139.803
5
0.5 0.5 1
sphere
-40 -45.6882 -174.105
5
0.5 0.5 0
sphere
-35 -30.124 177.461
5
0.5 0.5 1
sphere
-30 100.582 -149.276
5
0.5 0.5 0
sphere
-25 -153.163 94.558
5
0.5 0.5 1
sphere
-20 178.52 -23.0335
5
0.5 0.5 0
sphere
-15 -172.148 -52.585
5
0.5 0.5 1
sphere
-10 135.178 118.857
5
0.5 0.5 0
sphere
-5 -74.1813 -164.003
5
0.5 0.5 1
sphere
0 0 180
5
0.5 0.5 0
sphere
5 74.1813 -164.003
5
0.5 0.5 1
sphere
10 -135.178 118.857
5
0.5 0.5 0
sphere
15 172.148 -52.585
5
0.5 0.5 1
sphere
20 -178.52 -23.0335
5
0.5 0.5 0
sphere
25 153.163 94.558
5
0.5 0.5 1
sphere
30 -100.582 -149.276
5
0.5 0.5 0
sphere
35 30.124 177.461
5
0.5 0.5 1
sphere
40 45.6882 -174.105
5
0.5 0.5 0
sphere
45 -113.38 139.803
5
0.5 0.5 1
sphere
50 160.919 -80.6533
5
0.5 0.5 0
sphere
55 -179.857 7.16776
5
0.5 0.5 1
sphere
60 166.827 67.5917
5
0.5 0.5 0
sphere
65 -124.146 -130.337
5
0.5 0.5 1
sphere
70 59.3983 169.917
5
0.5 0.5 0
sphere
75 15.9064 -179.296
5
0.5 0.5 1
sphere
80 -88.3839 156.807
5
0.5 0.5 0
sphere
85 145.152 -106.447
5
0.5 0.5 1
sphere
90 -176.121 37.1668
5
0.5 0.5 0
sphere
95 175.786 38.7189
5
0.5 0.5 1
sphere
100 -144.207 -107.723
5
0.5 0.5 0
sphere
105 86.9972 157.58
5
0.5 0.5 1
sphere
110 -14.3241 -179.429
5
0.5 0.5 0
sphere
115 -60.8949 169.387
5
0.5 0.5 1
sphere
120 125.291 -129.237
5
0.5 0.5 0
sphere
125 -167.417 66.1175
5
0.5 0.5 1
sphere
130 179.787 8.75403
5
0.5 0.5 0
sphere
135 -160.202 -82.0696
5
0.5 0.5 1
sphere
140 112.142 140.798
5
0.5 0.5 0
sphere
145 -44.1506 -174.501
5
0.5 0.5 1
sphere
150 -31.6883 177.189
5
0.5 0.5 0
sphere
155 101.895 -148.383
5
0.5 0.5 1
sphere
160 -153.991 93.2032
5
0.5 0.5 0
sphere
165 178.716 -21.4578
5
0.5 0.5 1
sphere
170 -171.677 -54.1015
5
0.5 0.5 0
sphere
175 134.124 120.045
5
0.5 0.5 1
sphere
180 -72.7317 -164.651
5
0.5 0.5 0
sphere
185 -1.58781 179.993
5
0.5 0.5 1
sphere
190 75.6251 -163.343
5
0.5 0.5 0
sphere
195 -136.221 117.66
5
0.5 0.5 1
sphere
200 172.605 -51.0644
5
0.5 0.5 0
sphere
205 -178.31 -24.6073
5
0.5 0.5 1
sphere
210 152.323 95.9053
5
0.5 0.5 0
sphere
215 -99.2613 -150.157
5
0.5 0.5 1
sphere
220 28.5574 177.72
5
0.5 0.5 0
sphere
225 47.2222 -173.695
5
0.5 0.5 1
sphere
230 -114.609 138.798
5
0.5 0.5 0
sphere
235 161.625 -79.2306
5
0.5 0.5 1
sphere
240 -179.913 5.58093
5
0.5 0.5 0
sphere
245 166.225 69.0607
5
0.5 0.5 1
sphere
-250 93.5544 -176.77
5
0.5 0.5 0
sphere
-245 17.6677 199.218
5
0.5 0.5 1
sphere
-240 -123.203 -157.547
5
0.5 0.5 0
sphere
-235 189.085 65.1677
5
0.5 0.5 1
sphere
-230 -194.109 48.186
5
0.5 0.5 0
sphere
-225 136.657 -146.031
5
0.5 0.5 1
sphere
-220 -35.2211 196.874
5
0.5 0.5 0
sphere
-215 -77.5508 -184.353
5
0.5 0.5 1
sphere
-210 165.362 112.496
5
0.5 0.5 0
sphere
-205 -199.951 -4.43138
5
0.5 0.5 1
sphere
-200 170.184 -105.059
5
0.5 0.5 0
sphere
-195 -85.642 180.736
5
0.5 0.5 1
sphere
-190 -26.4644 -198.241
5
0.5 0.5 0
sphere
-185 130.053 151.941
5
0.5 0.5 1
sphere
-180 -191.783 -56.7382
5
0.5 0.5 0
sphere
-175 191.787 -56.7267
5
0.5 0.5 1
sphere
-170 -130.062 151.934
5
0.5 0.5 0
sphere
-165 26.4763 -198.24
5
0.5 0.5 1
sphere
-160 85.6311 180.741
5
0.5 0.5 0
sphere
-155 -170.178 -105.07
5
0.5 0.5 1
sphere
-150 199.951 -4.41932
5
0.5 0.5 0
sphere
-145 -165.369 112.486
5
0.5 0.5 1
sphere
-140 77.5619 -184.348
5
0.5 0.5 0
sphere
-135 35.2092 196.876
5
0.5 0.5 1
sphere
-130 -136.648 -146.039
5
0.5 0.5 0
sphere
-125 194.106 48.1977
5
0.5 0.5 1
sphere
-120 -189.089 65.1563
5
0.5 0.5 0
sphere
-115 123.213 -157.539
5
0.5 0.5 1
sphere
-110 -17.6797 199.217
5
0.5 0.5 0
sphere
-105 -93.5437 -176.775
5
0.5 0.5 1
sphere
-100 174.659 97.4375
5
0.5 0.5 0
sphere
-95 -199.56 13.2614
5
0.5 0.5 1
sphere
-90 160.231 -119.692
5
0.5 0.5 0
sphere
-85 -69.3299 187.599
5
0.5 0.5 1
sphere
-80 -43.8851 -195.126
5
0.5 0.5 0
sphere
-75 142.975 139.85
5
0.5 0.5 1
sphere
-70 -196.048 -39.5627
5
0.5 0.5 0
sphere
-65 186.021 -73.4583
5
0.5 0.5 1
sphere
-60 -116.122 162.836
5
0.5 0.5 0
sphere
-55 8.84854 -199.804
5
0.5 0.5 1
sphere
-50 101.273 172.464
5
0.5 0.5 0
sphere
-45 -178.799 -89.6147
5
0.5 0.5 1
sphere
-40 198.778 -22.0774
5
0.5 0.5 0
sphere
-35 -154.778 126.664
5
0.5 0.5 1
sphere
-30 60.9621 -190.483
5
0.5 0.5 0
sphere
-25 52.475 192.993
5
0.5 0.5 1
sphere
-20 -149.023 -133.388
5
0.5 0.5 0
sphere
-15 197.606 30.8503
5
0.5 0.5 1
sphere
-10 -182.589 81.6164
5
0.5 0.5 0
sphere
-5 108.804 -167.814
5
0.5 0.5 1
sphere
0 0 200
5
0.5 0.5 0
sphere
5 -108.804 -167.814
5
0.5 0.5 1
sphere
10 182.589 81.6164
5
0.5 0.5 0
sphere
15 -197.606 30.8503
5
0.5 0.5 1
sphere
20 149.023 -133.388
5
0.5 0.5 0
sphere
25 -52.475 192.993
5
0.5 0.5 1
sphere
30 -60.9621 -190.483
5
0.5 0.5 0
sphere
35 154.778 126.664
5
0.5 0.5 1
sphere
40 -198.778 -22.0774
5
0.5 0.5 0
sphere
45 178.799 -89.6147
5
0.5 0.5 1
sphere
50 -101.273 172.464
5
0.5 0.5 0
sphere
55 -8.84854 -199.804
5
0.5 0.5 1
sphere
60 116.122 162.836
5
0.5 0.5 0
sphere
65 -186.021 -73.4583
5
0.5 0.5 1
sphere
70 196.048 -39.5627
5
0.5 0.5 0
sphere
75 -142.975 139.85
5
0.5 0.5 1
sphere
80 43.8851 -195.126
5
0.5 0.5 0
sphere
85 69.3299 187.599
5
0.5 0.5 1
sphere
90 -160.231 -119.692
5
0.5 0.5 0
sphere
95 199.56 13.2614
5
0.5 0.5 1
sphere
100 -174.659 97.4375
5
0.5 0.5 0
sphere
105 93.5437 -176.775
5
0.5 0.5 1
sphere
110 17.6797 199.217
5
0.5 0.5 0
sphere
115 -123.213 -157.539
5
0.5 0.5 1
sphere
120 189.089 65.1563
5
0.5 0.5 0
sphere
125 -194.106 48.1977
5
0.5 0.5 1
sphere
130 136.648 -146.039
5
0.5 0.5 0
sphere
135 -35.2092 196.876
5
0.5 0.5 1
sphere
140 -77.5619 -184.348
5
0.5 0.5 0
sphere
145 165.369 112.486
5
0.5 0.5 1
sphere
150 -199.951 -4.41932
5
0.5 0.5 0
sphere
155 170.178 -105.07
5
0.5 0.5 1
sphere
160 -85.6311 180.741
5
0.5 0.5 0
sphere
165 -26.4763 -198.24
5
0.5 0.5 1
sphere
170 130.062 151.934
5
0.5 0.5 0
sphere
175 -191.787 -56.7267
5
0.5 0.5 1
sphere
180 191.783 -56.7382
5
0.5 0.5 0
sphere
185 -130.053 151.941
5
0.5 0.5 1
sphere
190 26.4644 -198.241
5
0.5 0.5 0
sphere
195 85.642 180.736
5
0.5 0.5 1
sphere
200 -170.184 -105.059
5
0.5 0.5 0
sphere
205 199.951 -4.43138
5
0.5 0.5 1
sphere
210 -165.362 112.496
5
0.5 0.5 0
sphere
215 77.5508 -184.353
5
0.5 0.5 1
sphere
220 35.2211 196.874
5
0.5 0.5 0
sphere
225 -136.657 -146.031
5
0.5 0.5 1
sphere
230 194.109 48.186
5
0.5 0.5 0
sphere
235 -189.085 65.1677
5
0.5 0.5 1
sphere
240 123.203 -157.547
5
0.5 0.5 0
sphere
245 -17.6677 199.218
5
0.5 0.5 1
5
point
0 0 100
0.5
1 1 1
point
50 0 100
0.5
1 1 1
point
100 0 100
0.5
1 1 1
point
150 0 100
0.5
1 1 1
point
200 0 100
0.5
1 1 1
