4
sphere 
50 0 30 
10 
1.0 1.0 0.0
sphere 
0 0 100
60
1.0 0.0 1.0
plane 
0 0 -20
0 0 1
1.0 1.0 1.0
box
-30 -30 0
30 30 60
1.0 1.0 0.0 
2
point
60.0 0.0 80.0
1.0
1.0 1.0 1.0
point
-60.0 -20.0 80.0
1.0
1.0 1.0 1.0
-----------------------------------------
5
sphere 
50 0 30 
10 
1.0 1.0 0.0
sphere 
0 0 100
20
1.0 0.0 1.0
plane 
0 0 -20
0 0 1
1.0 1.0 1.0
box
-30 -30 0
30 30 60
1.0 1.0 0.0
sphere
-200 200 100
40
1.0 0.0 0.0
4
point
60.0 60.0 100.0
0.3
1.0 1.0 1.0
point
-60.0 60.0 100.0
0.5
1.0 1.0 1.0
point
60.0 -60.0 100.0
0.4
1.0 1.0 1.0
point
-60.0 -60.0 100.0
0.3
1.0 1.0 1.0

------------------------------------------
0
1
point
60.0 60.0 0.0
1.0
1.0 1.0 1.0
